4.595039138410239032e-01 3.179026807402736687e-01
4.427023020380623231e-01 1.000000000000000000e+00
4.560784148898879287e-01 4.249020515644722495e-01
2.306023189166822862e-01 3.376860995841576285e-01
2.246438920809460948e-01 4.930585255603301409e-01
5.979390146663016159e-01 8.344647603304786720e-01
6.478954227350219863e-01 5.098862736253143568e-01
5.165055178372636169e-01 6.395149139158792240e-01
3.654922607106363408e-01 5.008433975383552728e-01
5.194061110825433092e-01 5.592783517894945877e-01
6.147401868059233498e-01 6.848761818084909692e-01
4.840587581263021688e-01 6.313186275021646088e-01
4.711340617620986548e-01 7.475685789197749065e-01
4.364017423055875367e-01 4.136980407112547664e-01
4.937477284332122962e-01 5.392426282874597243e-01
3.821374298957244120e-01 2.508074718210767107e-01
3.031626434421099692e-01 2.735788283399966936e-01
3.088301031475947367e-01 4.215225894299463039e-01
3.045527080946170417e-01 3.037477391845573860e-01
4.432016042029963132e-01 6.951598994091767736e-01
5.633344353173408425e-01 7.618238786371769322e-01
5.841701351234579453e-01 7.636099169190011526e-01
4.632389399822031684e-01 4.672730760654003612e-01
4.672344701628787789e-01 4.361203126486581927e-01
4.864755121313554254e-01 5.418146357033489791e-01
4.129635882633015953e-01 4.875495469577560970e-01
4.274033138738665416e-01 6.543833824914057073e-01
5.900305149491096302e-01 6.642247342440281699e-01
4.897160774382491311e-01 6.191898284730396052e-01
5.512680428260557930e-01 5.565752806666915964e-01
5.006113481285059397e-01 5.516220497286810076e-01
4.778437270812523341e-01 4.626861120279718853e-01
5.182352513583241560e-01 6.814471682035800892e-01
5.878987720656663196e-01 5.113081179864464865e-01
5.254620206688763728e-01 6.907804283723049110e-01
5.983377980333329793e-01 4.893652171891776925e-01
5.014495899458383255e-01 6.571877221199934338e-01
5.000099360024902184e-01 4.352565163686215599e-01
5.887700073279110713e-01 5.666848148285263953e-01
5.981435954000271504e-01 6.371051301403228839e-01
4.378379492978911602e-01 4.134541197031686988e-01
4.748583562668877711e-01 4.855207938641892818e-01
6.223399956786267451e-01 5.635367752810024333e-01
4.813709261914176363e-01 5.613355776044118839e-01
5.909653142924033986e-01 7.225172768188065087e-01
5.655773321974277845e-01 6.815334579928269410e-01
5.535072706626068539e-01 4.945665200444374632e-01
5.201628357305481121e-01 6.312689878275150601e-01
5.841732575232728708e-01 5.303262321396975398e-01
4.626649871817478110e-01 5.034974661870532664e-01
4.519806100518697911e-01 5.751033337630453435e-01
4.906774829094740498e-01 5.946270651043271682e-01
5.637729413098938602e-01 6.327055900282045897e-01
5.684810542454559190e-01 4.637190181534692757e-01
4.436965260247076603e-01 4.419429906021965504e-01
4.977140448849780574e-01 6.039584686505375943e-01
5.050013056208306761e-01 3.981228312277466097e-01
3.933335165345178130e-01 5.233136448664672535e-01
3.623501337837665703e-01 2.971281945940713598e-01
4.362051550431774727e-01 3.933709473620317643e-01
5.231659323836937991e-01 6.138009564593606138e-01
6.859718380456445441e-01 7.249553100793214577e-01
3.968366795488734722e-01 5.636794621893902457e-01
5.532682019058161593e-01 6.541089123312640030e-01
5.882686418905539449e-01 5.401480971172611945e-01
5.587875909904517213e-01 7.133873714067230365e-01
5.631301929050605004e-01 4.335630278305690477e-01
4.911630941494187774e-01 6.835632837128801098e-01
5.054140197730110362e-01 3.175552132549199769e-01
4.814069874470631172e-01 5.974461783284424898e-01
5.190395627506229070e-01 4.154640404617755411e-01
5.673812046389548058e-01 6.306709841046393983e-01
6.468303685255999413e-01 6.511752561385331095e-01
6.464024834753763216e-01 5.976982875124501327e-01
5.241798007154386818e-01 4.727649195813137251e-01
5.906955628020620352e-01 7.271834402382182372e-01
6.420958476249678526e-01 6.362274467640313125e-01
6.981121980704088070e-01 6.670966313708300843e-01
4.128029795993636286e-01 3.527416579543042885e-01
5.097970503024911171e-01 3.850799934736405250e-01
4.771632944125396847e-01 5.141107461333617179e-01
6.115719900993051850e-01 6.337772115805390127e-01
5.608103300215572240e-01 5.504932854703874501e-01
4.910107363349823228e-01 4.953181205676891463e-01
5.036392397292531742e-01 6.927376677139540639e-01
6.647645966197638367e-01 6.495182605210322313e-01
5.371339664299379368e-01 6.181530608883528677e-01
5.579801747649546506e-01 5.316718330029831519e-01
7.298492278230838126e-01 7.903810925711752811e-01
6.133515982750403772e-01 6.281138693319946453e-01
5.647126044396088007e-01 5.553069241106738385e-01
4.764595991155602395e-01 4.436464341352587826e-01
5.531130378192639085e-01 5.073496220535715917e-01
4.634855197843614216e-01 4.920309378002969414e-01
4.689964700956898991e-01 4.740028866010096431e-01
5.041832682475745342e-01 4.274621380454807773e-01
5.397039384000930085e-01 4.579901181883159200e-01
4.554966349123922842e-01 6.190529911125782769e-01
5.926923858983933480e-01 5.406750558462636302e-01
5.718822385395386787e-01 5.375512844806132895e-01
5.145847853044916986e-01 5.056557054764697634e-01
5.528705519619659947e-01 4.067748281501811225e-01
5.828489101878058243e-01 5.174884609359424736e-01
4.854716534765006197e-01 5.982860066098720786e-01
5.220091067378037630e-01 6.096257951571927292e-01
4.659881701286301414e-01 4.666155575881926199e-01
4.225097612373990286e-01 5.871421787909594237e-01
5.811106591260049026e-01 5.697166455970097410e-01
5.857997515301207603e-01 6.711517027473095087e-01
5.397736717985827104e-01 4.792984840827564375e-01
5.485220024047942067e-01 5.766168977536109130e-01
5.949248370632751470e-01 6.070816381354736668e-01
5.654925389017273485e-01 6.070608254534809456e-01
5.558181885158446356e-01 4.704961594447875095e-01
5.784686498780915453e-01 5.006752982924150830e-01
5.422025939987200616e-01 4.462664548757969141e-01
4.904493420929958991e-01 5.617896916024227583e-01
5.059942137701035625e-01 3.955794114600554301e-01
4.908225511456369428e-01 3.430497453368754890e-01
3.309243723950169858e-01 3.255847671863826842e-01
4.355604146949157984e-01 4.511038035165583771e-01
4.047682753159872471e-01 1.949596649503724799e-01
4.264219976842761328e-01 4.357242895209408329e-01
6.142336993117361033e-01 6.490670511801788223e-01
5.799759217812900935e-01 5.044812365766437878e-01
5.102442710009253979e-01 6.101170421064849858e-01
5.570141585859413880e-01 5.303799230045930235e-01
5.565755597853339065e-01 6.430040455362341367e-01
5.262494399315469362e-01 6.684114827874531040e-01
5.447869552727232501e-01 5.614369663503550045e-01
5.169526363336710562e-01 4.851603123316210464e-01
4.651422839620729111e-01 5.438901749641421590e-01
3.928277388388662916e-01 3.656577638339940095e-01
4.888154912382928208e-01 4.716386900743043120e-01
5.859517002143671549e-01 5.731737423679770238e-01
5.048968909693634100e-01 5.668144449949794605e-01
4.554644362267964430e-01 6.607595060717824653e-01
6.476018121452296050e-01 6.293447886987101336e-01
4.977789665271539210e-01 5.402158265454918284e-01
5.016651242273082456e-01 6.460589375776782939e-01
5.537556202863905819e-01 5.257821273593604738e-01
5.606831844182103008e-01 6.336762290635822303e-01
5.194006614276723832e-01 4.831387604903975563e-01
5.272188014597305461e-01 5.376049017576187694e-01
5.140789006383955639e-01 4.897407705881627327e-01
4.920767657368063097e-01 6.410293565714233477e-01
4.543071953675406061e-01 5.147542297215864648e-01
4.768545369062574535e-01 4.408000750977107418e-01
6.348826600223984595e-01 6.712804439034375514e-01
5.244299907865088706e-01 3.642718685325799233e-01
5.634705765555769741e-01 5.943435940546069052e-01
4.729089889606974961e-01 4.735638223890492604e-01
5.191418252642943099e-01 6.431548077394605434e-01
5.846886905087215203e-01 6.745774802610238208e-01
5.622077624861295808e-01 5.192836891113877806e-01
4.871657107244199980e-01 3.828224055190632691e-01
4.106899894587778821e-01 4.065216018017425159e-01
4.299879181616459434e-01 4.556170432038229579e-01
4.817645538586943776e-01 2.157521644737027122e-01
4.520981011021900087e-01 4.620867164655572124e-01
5.082784503647116425e-01 4.712695254874235129e-01
6.240605732959857432e-01 7.769092768603417243e-01
6.391199587630825851e-01 6.848132264136015390e-01
4.107929973319782158e-01 4.645776924190109236e-01
5.926460257501253714e-01 5.075234330156385143e-01
5.406658429478101713e-01 4.222308377491299503e-01
5.779151628857291945e-01 7.029272930411583076e-01
4.910450061124752019e-01 2.355986782876287045e-01
4.462429467164523156e-01 4.046867222975404355e-01
4.783378156357779298e-01 3.677114740313823238e-01
4.926257478471207651e-01 4.016566774203070289e-01
6.488992952437004913e-01 6.153883731258000811e-01
3.650895172782140929e-01 3.940587866139583229e-01
4.803681557912066746e-01 4.700948026676927127e-01
6.064623608546193534e-01 6.768576567220998541e-01
6.551507659007387296e-01 7.085857695928174937e-01
6.481867709422218793e-01 6.337051998120597496e-01
5.626006872895282784e-01 6.163322104170939619e-01
5.724177057753710995e-01 5.982406696819210223e-01
6.255130921400202659e-01 6.867489481431929832e-01
7.241488335336571103e-01 6.379527934393531829e-01
6.692331434867210271e-01 5.643880976297711571e-01
5.920538487141401296e-01 5.279345601037183089e-01
5.807426353352770354e-01 5.689131164781456862e-01
5.733554688388415865e-01 6.115476275535133288e-01
4.770773095571167466e-01 4.234814099047232716e-01
4.480250895804824829e-01 6.372585940307077257e-01
5.404781671927528786e-01 5.621882662166990396e-01
5.430626073309634538e-01 6.299021564289694064e-01
4.492558348975699833e-01 4.681616532929100405e-01
4.024103025679918733e-01 5.022359006928543979e-01
4.298941695171379362e-01 5.838756438433881923e-01
5.046672447696606278e-01 5.948291204722092607e-01
5.753124255759073380e-01 4.789237914304143029e-01
4.652683174126374110e-01 5.021533424552807601e-01
3.956097572018670294e-01 3.823356241154556856e-01
3.775468262909012496e-01 3.945954554840224726e-01
3.377773173951367225e-01 5.953736334885469939e-01
5.345357977840574648e-01 4.463498953679634340e-01
5.103703120696760909e-01 5.313888539290093638e-01
5.318904291082703351e-01 4.941792891870502302e-01
5.169880987856368959e-01 6.587110366065928035e-01
5.798678915985602256e-01 7.387157620389772639e-01
5.088110572589007452e-01 5.089792798037344745e-01
4.947659534362569000e-01 5.105275864437217592e-01
3.880217318585319486e-01 4.175906402440264231e-01
4.595415038312409828e-01 4.385349448318238141e-01
4.222297168723578853e-01 4.066669204085719969e-01
5.302430892065401746e-01 4.739083548010426528e-01
5.202675345594193201e-01 5.603799991922789880e-01
5.487117931283329586e-01 4.159041892535377816e-01
6.012376576931716121e-01 5.816879762580806634e-01
5.275902493487593103e-01 5.067212654457574628e-01
5.119335446041051174e-01 4.887080840785831271e-01
4.203907195565438903e-01 4.702275919815752658e-01
4.297913587581207451e-01 5.021556338058001945e-01
4.229300783828093824e-01 3.316725315676524177e-01
5.972935280148756743e-01 5.384899081955474287e-01
5.063972918630021969e-01 4.661617011998391291e-01
5.421361019354086208e-01 4.372528347237821800e-01
6.682302729208229319e-01 7.754380099474069699e-01
5.191469271515782857e-01 4.832305157913956983e-01
4.998716918285657229e-01 5.356235359314923672e-01
5.291076620585365431e-01 4.933239340764480896e-01
4.091062476720292995e-01 4.900956115124864287e-01
5.228391366210770608e-01 4.387355978905595477e-01
5.304080243312442322e-01 5.178458831402766860e-01
5.826024179391865454e-01 5.589158983351040222e-01
4.807693890756912780e-01 5.444407096346466357e-01
5.390080253271298805e-01 7.314713534256259697e-01
4.992114752042196013e-01 4.708548919622433937e-01
4.844584952167311775e-01 4.385759191324722361e-01
4.811052436901026574e-01 5.918951748874922147e-01
6.113834882348410105e-01 6.014441128083749533e-01
5.564676657589781028e-01 5.193350005633138311e-01
5.946344418429831968e-01 5.977013276304083966e-01
5.098841349059963779e-01 5.681188378951271822e-01
6.008625885482642426e-01 6.031488917478179390e-01
6.033925303236304938e-01 3.297411475716127138e-01
3.384896587180987182e-01 3.385630007893714599e-01
3.890117534704840563e-01 4.772581301389396957e-01
4.868581972464431917e-01 5.023805207140498164e-01
4.687613934029569718e-01 4.611088558704535267e-01
4.941715266265507278e-01 4.224275535875967602e-01
5.100669245873246105e-01 5.358463458247713085e-01
5.307462613279964048e-01 6.399770866420508852e-01
5.437535544461613579e-01 5.052108225070804925e-01
4.958338629065170422e-01 4.590297172993226260e-01
4.788490978860757696e-01 5.656755357778333604e-01
5.680341924748484317e-01 5.987570710212535285e-01
6.203250531497566111e-01 5.965336621679889761e-01
4.016037004103931718e-01 4.805638776486589325e-01
3.899866017464899692e-01 4.863851904749498245e-01
3.920703579682902062e-01 7.093941533604042338e-01
4.880782358490997619e-01 6.253137453498240905e-01
4.470014455624378158e-01 4.776281844814039834e-01
5.185228572871107833e-01 5.657722042596832202e-01
4.894499219019490810e-01 5.216395757712162240e-01
4.785392861898998818e-01 5.255113672626711141e-01
5.543739721362096473e-01 6.121494252016571602e-01
5.249237682642720060e-01 4.935483460505774578e-01
4.519859075971573992e-01 5.951583395317213698e-01
4.370790465793111257e-01 5.224183274855416226e-01
4.408178395406476824e-01 4.062252608702309198e-01
5.225168676045043314e-01 5.501639968665115177e-01
4.524888451147242030e-01 4.541489299241465716e-01
4.467728955384927536e-01 5.195117127068611396e-01
4.500214502028060393e-01 4.685574933275525877e-01
3.873753910841185588e-01 4.676097160436206157e-01
5.121852284454320170e-01 3.809627915319746538e-01
5.018739852376540300e-01 6.465882970870492352e-01
4.317060704124576209e-01 3.901254526891099195e-01
4.104797953961655810e-01 4.813539714115556700e-01
5.523455103579525405e-01 6.022083200536656467e-01
4.760873571414476202e-01 4.511916868754999310e-01
7.110788209585778841e-01 6.227705860594946463e-01
4.172019054997956888e-01 4.019472737811146668e-01
4.003230130594475633e-01 4.491062932317907985e-01
3.530177028459715594e-01 4.804058133649570239e-01
4.285157034689102695e-01 4.487725590485742710e-01
5.284114190269900702e-01 6.123450299966384236e-01
5.200843539731105913e-01 6.304966362356335674e-01
5.999455990186057797e-01 6.050064399176537933e-01
4.759638259250303371e-01 3.978739443424906819e-01
4.187665385828925335e-01 4.057818116048146351e-01
4.776511633221090514e-01 5.667974167698217602e-01
4.583439277520132138e-01 4.799980755378359665e-01
4.779182583139686136e-01 5.496574519423811367e-01
4.661865583885809738e-01 5.833599054498983527e-01
4.871875971961378005e-01 4.816006820267943467e-01
4.842090921895578215e-01 5.231977529798954585e-01
5.015897773857802555e-01 5.280112374870140624e-01
4.145110861590979856e-01 3.833031154945443775e-01
4.376126895725641619e-01 4.615395189489271965e-01
3.834687142985728769e-01 2.965512413023261296e-01
3.791222131636194370e-01 4.060871043733410568e-01
4.198171132357336188e-01 5.198486867819903656e-01
4.706320918828597044e-01 4.687396036093020579e-01
4.852991562406359094e-01 4.157276009913836723e-01
4.307751132006255590e-01 4.548058587699920774e-01
4.557955296317268701e-01 4.552153734256099704e-01
5.056052224922851224e-01 4.807797223251629171e-01
5.266377549894026844e-01 4.815501362547489617e-01
4.969138153521253098e-01 4.469865093980057158e-01
4.812894190663705718e-01 4.997141959734567318e-01
5.418665453676925203e-01 5.839645914635253066e-01
5.388811086842528741e-01 6.072659070267744097e-01
4.830185420889671066e-01 4.983096798814182216e-01
4.968482552157305610e-01 4.573736253066684743e-01
4.111731551092145387e-01 4.518676340200735164e-01
5.098569090264611914e-01 4.224444404591036761e-01
4.173145496609059757e-01 3.580231174671715255e-01
3.813782780449114784e-01 3.163888582626450119e-01
4.794994352512505498e-01 5.011376071443106595e-01
4.126211498067473005e-01 4.415339381454229661e-01
4.140737239428304295e-01 3.802935994605490255e-01
4.021742213157390444e-01 5.508361260347945931e-01
4.180822351477256893e-01 4.057058176137704475e-01
3.761424511394430570e-01 4.360105232266807684e-01
5.088388036088393740e-01 5.771957342643780908e-01
5.723087232537307223e-01 4.373153078217139056e-01
4.954645640976869658e-01 4.705397029116996088e-01
2.938900321339521504e-01 3.245633764754475292e-01
4.205641333360690681e-01 3.811834581810764622e-01
4.828465177212302173e-01 4.569331372916546896e-01
5.008722823878117847e-01 5.456076656092206933e-01
4.128099814228430864e-01 4.638478845126330907e-01
3.474362701203327353e-01 4.347789384213130992e-01
4.693899828041514510e-01 5.387814279605688261e-01
4.880103068400551969e-01 5.014233705943001995e-01
4.793075375488149992e-01 5.301477468235944457e-01
4.969271461880560570e-01 5.556075934779016734e-01
4.432325390072635596e-01 5.793959514324787952e-01
5.085716191960508725e-01 4.969498335902645669e-01
5.361120431744457182e-01 5.478521010334941321e-01
5.367698903945316014e-01 6.152514275288161194e-01
5.908492699848461038e-01 6.430918772998867050e-01
5.780581572428077353e-01 5.081501002838181291e-01
5.118651832269959234e-01 4.845322617160076062e-01
4.995895840584228531e-01 4.641111349488755144e-01
4.289378576062976567e-01 5.202941828349340048e-01
4.166650081031103570e-01 4.519755159461769645e-01
5.797085554372906069e-01 4.104391595407730908e-01
6.347210517239073591e-01 6.139655185840429130e-01
6.493720233035619183e-01 6.514225543015441655e-01
5.252823105315915786e-01 4.051080739973028089e-01
5.996324884591898163e-01 5.618538764412804865e-01
3.764262352116414800e-01 4.063106166605393033e-01
4.205287680635225178e-01 5.679267245278855070e-01
5.173158819485029758e-01 5.315054172079419770e-01
5.156674138771780713e-01 5.068324181771985959e-01
4.402426723377375062e-01 4.881939151121911236e-01
6.871402545143358020e-01 6.827502872590367478e-01
5.173063937356652264e-01 5.468371524533147676e-01
5.059974870334328356e-01 5.042488253082595406e-01
4.429952452320410905e-01 4.209114454658827720e-01
4.308406289979547221e-01 5.041728156321866328e-01
6.023859240466995502e-01 6.205014181992040134e-01
5.889657902122644728e-01 6.457094714658403456e-01
4.622258681419766924e-01 4.458764501748830322e-01
4.428103284827859532e-01 4.954172935854804782e-01
4.431264727497079559e-01 5.139265267917852986e-01
5.522940860633506199e-01 6.510874979039787958e-01
6.358834553026400105e-01 6.830448201299001987e-01
5.947132555322165448e-01 6.431744455334780231e-01
5.140127882603351406e-01 5.401881534518895300e-01
5.525001561623413826e-01 4.671614473151985414e-01
4.773331277712872800e-01 5.126733589886521836e-01
4.387260554075371743e-01 5.416794579567478785e-01
5.215689511188592586e-01 5.084211656242206834e-01
5.002337186680082537e-01 5.454631364903760327e-01
5.668311467868980547e-01 5.053225531388343406e-01
4.621668552058335599e-01 4.524577596378989708e-01
4.961024942068069099e-01 3.503009176365343147e-01
